BilledCost,EffectiveCost,ListCost,ContractedCost,BillingAccountId,BillingAccountName,BillingAccountType,BillingCurrency,BillingPeriodStart,BillingPeriodEnd,ChargePeriodStart,ChargePeriodEnd,ChargeCategory,ChargeClass,ChargeDescription,ChargeFrequency,ServiceName,ServiceCategory,ServiceSubcategory,ServiceProviderName,HostProviderName,InvoiceIssuerName,ProviderName,PublisherName,InvoiceId,SkuId,SkuPriceId,SkuMeter,SkuPriceDetails,PricingCategory,PricingCurrency,PricingQuantity,PricingUnit,ListUnitPrice,ContractedUnitPrice,PricingCurrencyListUnitPrice,PricingCurrencyContractedUnitPrice,PricingCurrencyEffectiveCost,ConsumedQuantity,ConsumedUnit,CommitmentDiscountCategory,CommitmentDiscountId,CommitmentDiscountName,CommitmentDiscountQuantity,CommitmentDiscountStatus,CommitmentDiscountType,CommitmentDiscountUnit,CapacityReservationId,CapacityReservationStatus,RegionId,RegionName,AvailabilityZone,ResourceId,ResourceName,ResourceType,SubAccountId,SubAccountName,SubAccountType,Tags,ContractApplied,AllocatedMethodId,AllocatedMethodDetails,AllocatedResourceId,AllocatedResourceName,AllocatedTags,x_Lane,x_Model,x_TokenType,x_AccessPath,x_Estimated,x_Tool,x_Project,x_PricingStatus,x_ConsumedTokens,x_FocusInputVersion,x_Sidechain,x_AttributionConfidence,x_CollectorVersion,x_PricingSnapshotId,x_InferenceProfileId,x_MeasuredWh,x_AvgPowerWatts,x_HardwareProfile,x_AmortizedHwCost,x_RuntimeKind,x_BenchmarkId,x_MeasurementMode
0.0123,0.0123,0.0123,0.0123,costroid-local-estimate,Costroid local estimate,Local estimate,USD,2026-06-01T00:00:00Z,2026-07-01T00:00:00Z,2026-06-15T10:00:00Z,2026-06-15T10:00:01Z,Usage,,claude-sonnet-4-6 output tokens,Usage-Based,Claude API,AI and Machine Learning,Generative AI,Anthropic,Anthropic,Anthropic,Anthropic,Anthropic,,claude-sonnet-4-6:output,claude-sonnet-4-6-output,output,,Standard,USD,8200.0,tokens,0.0000015,0.0000015,0.0000015,0.0000015,0.0123,8200.0,tokens,,,,,,,,,,,,,,,,,,,,,,,,,,cloud_api,claude-sonnet-4-6,output,api,false,Claude API,,priced,8200.0,1.2,false,confident,<COLLECTOR_VERSION>,,,,,,,,,
0.0456,0.0456,0.0456,0.0456,costroid-local-estimate,Costroid local estimate,Local estimate,USD,2026-06-01T00:00:00Z,2026-07-01T00:00:00Z,2026-06-15T12:00:00Z,2026-06-15T12:00:01Z,Usage,,gpt-5.5 output tokens,Usage-Based,OpenAI API,AI and Machine Learning,Generative AI,OpenAI,OpenAI,OpenAI,OpenAI,OpenAI,,gpt-5.5:output,gpt-5.5-output,output,,Standard,USD,30400.0,tokens,0.0000015,0.0000015,0.0000015,0.0000015,0.0456,30400.0,tokens,,,,,,,,,,,,,,,,,,,,,,,,,,cloud_api,gpt-5.5,output,api,false,OpenAI API,,priced,30400.0,1.2,false,confident,<COLLECTOR_VERSION>,,,,,,,,,
